82 85
53 57 25
55 26 92
55 65 92
43 15 50
67 64 53
40 68 38
16 64 96
63 39 88
50 2 77
38 32 71
76 57 14
20 72 36
29 22 88
15 63 87
20 7 70
18 11 36
66 64 84
23 24 52
12 9 68
49 51 79
49 27 58
5 49 84
21 58 62
58 44 53
59 78 12
75 16 29
0 51 67
22 71 90
46 43 79
23 68 19
59 57 47
35 61 3
69 56 11
78 1 29
23 39 29
0 48 73
5 5 55
67 27 19
67 4 18
28 13 78
32 47 39
42 74 24
12 12 31
79 56 88
22 76 42
58 27 89
44 35 59
69 45 78
24 56 47
37 42 90
47 53 16
49 20 79
64 46 13
12 30 40
15 19 64
56 73 59
63 7 90
45 36 0
52 51 13
30 52 96
23 28 43
22 58 52
63 74 68
54 7 4
46 37 44
39 73 16
34 30 4
66 20 61
7 65 62
4 29 32
25 44 57
0 12 24
28 61 75
18 23 98
44 16 99
52 7 94
79 20 84
72 25 32
41 11 78
75 26 80
80 54 52
77 9 43
29 18 59
23 28 4
48 69 4
57
74 20
25 98
98 69
81 15
40 34
32 23
5 7
54 52
9 75
41 15
4 68
93 24
7 60
25 65
84 51
79 90
35 34
60 7
80 48
17 41
70 94
95 45
80 10
77 54
44 26
4 45
25 58
26 47
15 97
11 18
27 62
34 59
72 63
81 44
48 3
83 67
24 77
27 15
19 90
2 95
91 55
99 33
60 88
2 90
25 60
43 15
45 88
52 76
5 70
95 98
11 6
19 91
81 39
1 74
35 71
51 20
59 52
